mamalian1.fasta
------------------------
|Amino Acid | Frequency|
------------------------
|     A     | 0.031453 |
|     C     | 0.042436 |
|     D     | 0.016975 |
|     E     | 0.022966 |
|     F     | 0.050924 |
|     G     | 0.031952 |
|     H     | 0.047928 |
|     I     | 0.045931 |
|     K     | 0.043435 |
|     L     | 0.127309 |
|     M     | 0.127808 |
|     N     | 0.039940 |
|     P     | 0.025462 |
|     Q     | 0.045931 |
|     R     | 0.039940 |
|     S     | 0.069396 |
|     T     | 0.060409 |
|     V     | 0.072391 |
|     W     | 0.017474 |
|     Y     | 0.039940 |
------------------------
----------------------------------------------------------------------------------------------------------------------------------------------------------------------------------------------
|        |   A    |   C    |   D    |   E    |   F    |   G    |   H    |   I    |   K    |   L    |   M    |   N    |   P    |   Q    |   R    |   S    |   T    |   V    |   W    |   Y    |
----------------------------------------------------------------------------------------------------------------------------------------------------------------------------------------------
|   A    | 0.0013 | 0.0006 | 0.0006 | 0.0000 | 0.0013 | 0.0025 | 0.0019 | 0.0031 | 0.0013 | 0.0044 | 0.0019 | 0.0025 | 0.0000 | 0.0038 | 0.0006 | 0.0013 | 0.0019 | 0.0025 | 0.0000 | 0.0006  |
|   C    | 0.0006 | 0.0019 | 0.0006 | 0.0019 | 0.0019 | 0.0013 | 0.0013 | 0.0006 | 0.0006 | 0.0082 | 0.0019 | 0.0031 | 0.0013 | 0.0006 | 0.0038 | 0.0013 | 0.0057 | 0.0025 | 0.0006 | 0.0038  |
|   D    | 0.0013 | 0.0006 | 0.0000 | 0.0000 | 0.0000 | 0.0013 | 0.0013 | 0.0019 | 0.0006 | 0.0025 | 0.0000 | 0.0000 | 0.0006 | 0.0000 | 0.0031 | 0.0019 | 0.0013 | 0.0006 | 0.0006 | 0.0013  |
|   E    | 0.0006 | 0.0000 | 0.0006 | 0.0013 | 0.0019 | 0.0006 | 0.0006 | 0.0013 | 0.0013 | 0.0013 | 0.0025 | 0.0013 | 0.0031 | 0.0006 | 0.0006 | 0.0019 | 0.0000 | 0.0038 | 0.0000 | 0.0013  |
|   F    | 0.0019 | 0.0044 | 0.0013 | 0.0000 | 0.0044 | 0.0006 | 0.0025 | 0.0006 | 0.0019 | 0.0057 | 0.0013 | 0.0000 | 0.0038 | 0.0019 | 0.0025 | 0.0038 | 0.0019 | 0.0063 | 0.0019 | 0.0057  |
|   G    | 0.0006 | 0.0013 | 0.0006 | 0.0000 | 0.0013 | 0.0013 | 0.0013 | 0.0013 | 0.0025 | 0.0025 | 0.0000 | 0.0025 | 0.0013 | 0.0006 | 0.0025 | 0.0019 | 0.0038 | 0.0031 | 0.0000 | 0.0044  |
|   H    | 0.0025 | 0.0050 | 0.0000 | 0.0000 | 0.0038 | 0.0000 | 0.0044 | 0.0019 | 0.0019 | 0.0101 | 0.0013 | 0.0025 | 0.0006 | 0.0031 | 0.0019 | 0.0063 | 0.0025 | 0.0013 | 0.0000 | 0.0006  |
|   I    | 0.0000 | 0.0019 | 0.0000 | 0.0006 | 0.0006 | 0.0013 | 0.0057 | 0.0019 | 0.0031 | 0.0075 | 0.0006 | 0.0019 | 0.0006 | 0.0038 | 0.0000 | 0.0038 | 0.0050 | 0.0031 | 0.0006 | 0.0019  |
|   K    | 0.0006 | 0.0019 | 0.0006 | 0.0013 | 0.0006 | 0.0000 | 0.0038 | 0.0031 | 0.0050 | 0.0075 | 0.0019 | 0.0013 | 0.0025 | 0.0000 | 0.0038 | 0.0031 | 0.0025 | 0.0050 | 0.0006 | 0.0019  |
|   L    | 0.0063 | 0.0050 | 0.0013 | 0.0019 | 0.0094 | 0.0038 | 0.0069 | 0.0006 | 0.0044 | 0.0276 | 0.0019 | 0.0044 | 0.0044 | 0.0094 | 0.0031 | 0.0088 | 0.0019 | 0.0088 | 0.0031 | 0.0025  |
|   M    | 0.0044 | 0.0063 | 0.0013 | 0.0063 | 0.0038 | 0.0063 | 0.0082 | 0.0082 | 0.0057 | 0.0214 | 0.0019 | 0.0038 | 0.0038 | 0.0069 | 0.0063 | 0.0101 | 0.0069 | 0.0163 | 0.0019 | 0.0044  |
|   N    | 0.0031 | 0.0013 | 0.0019 | 0.0006 | 0.0019 | 0.0013 | 0.0019 | 0.0025 | 0.0006 | 0.0044 | 0.0006 | 0.0031 | 0.0006 | 0.0000 | 0.0025 | 0.0038 | 0.0019 | 0.0019 | 0.0000 | 0.0025  |
|   P    | 0.0000 | 0.0013 | 0.0000 | 0.0013 | 0.0031 | 0.0006 | 0.0000 | 0.0031 | 0.0013 | 0.0038 | 0.0006 | 0.0006 | 0.0000 | 0.0006 | 0.0025 | 0.0006 | 0.0006 | 0.0019 | 0.0000 | 0.0006  |
|   Q    | 0.0025 | 0.0031 | 0.0000 | 0.0050 | 0.0006 | 0.0013 | 0.0031 | 0.0044 | 0.0044 | 0.0069 | 0.0025 | 0.0019 | 0.0006 | 0.0038 | 0.0006 | 0.0050 | 0.0044 | 0.0019 | 0.0006 | 0.0006  |
|   R    | 0.0000 | 0.0006 | 0.0013 | 0.0006 | 0.0019 | 0.0025 | 0.0019 | 0.0025 | 0.0031 | 0.0038 | 0.0006 | 0.0031 | 0.0006 | 0.0038 | 0.0025 | 0.0050 | 0.0019 | 0.0013 | 0.0013 | 0.0006  |
|   S    | 0.0025 | 0.0019 | 0.0025 | 0.0006 | 0.0044 | 0.0006 | 0.0031 | 0.0031 | 0.0038 | 0.0063 | 0.0013 | 0.0025 | 0.0031 | 0.0031 | 0.0031 | 0.0050 | 0.0094 | 0.0057 | 0.0013 | 0.0038  |
|   T    | 0.0006 | 0.0025 | 0.0006 | 0.0013 | 0.0050 | 0.0050 | 0.0013 | 0.0031 | 0.0044 | 0.0063 | 0.0031 | 0.0050 | 0.0000 | 0.0031 | 0.0013 | 0.0057 | 0.0069 | 0.0038 | 0.0025 | 0.0013  |
|   V    | 0.0044 | 0.0019 | 0.0019 | 0.0019 | 0.0094 | 0.0019 | 0.0031 | 0.0025 | 0.0025 | 0.0151 | 0.0013 | 0.0006 | 0.0019 | 0.0025 | 0.0025 | 0.0069 | 0.0063 | 0.0063 | 0.0000 | 0.0031  |
|   W    | 0.0006 | 0.0031 | 0.0000 | 0.0000 | 0.0000 | 0.0000 | 0.0006 | 0.0006 | 0.0013 | 0.0025 | 0.0000 | 0.0013 | 0.0000 | 0.0006 | 0.0006 | 0.0019 | 0.0000 | 0.0019 | 0.0006 | 0.0006  |
|   Y    | 0.0000 | 0.0013 | 0.0013 | 0.0000 | 0.0019 | 0.0031 | 0.0019 | 0.0019 | 0.0013 | 0.0044 | 0.0000 | 0.0038 | 0.0000 | 0.0013 | 0.0019 | 0.0025 | 0.0019 | 0.0013 | 0.0006 | 0.0025  |
----------------------------------------------------------------------------------------------------------------------------------------------------------------------------------------------


mamalian2.fasta
------------------------
|Amino Acid | Frequency|
------------------------
|     A     | 0.065159 |
|     C     | 0.036124 |
|     D     | 0.025996 |
|     E     | 0.033086 |
|     F     | 0.046590 |
|     G     | 0.064146 |
|     H     | 0.027684 |
|     I     | 0.037812 |
|     K     | 0.038488 |
|     L     | 0.085078 |
|     M     | 0.082714 |
|     N     | 0.033761 |
|     P     | 0.068535 |
|     Q     | 0.037475 |
|     R     | 0.076975 |
|     S     | 0.090142 |
|     T     | 0.054693 |
|     V     | 0.049966 |
|     W     | 0.022957 |
|     Y     | 0.022620 |
------------------------
----------------------------------------------------------------------------------------------------------------------------------------------------------------------------------------------
|        |   A    |   C    |   D    |   E    |   F    |   G    |   H    |   I    |   K    |   L    |   M    |   N    |   P    |   Q    |   R    |   S    |   T    |   V    |   W    |   Y    |
----------------------------------------------------------------------------------------------------------------------------------------------------------------------------------------------
|   A    | 0.0040 | 0.0024 | 0.0016 | 0.0044 | 0.0048 | 0.0048 | 0.0008 | 0.0028 | 0.0048 | 0.0048 | 0.0016 | 0.0028 | 0.0040 | 0.0012 | 0.0016 | 0.0067 | 0.0067 | 0.0032 | 0.0012 | 0.0016  |
|   C    | 0.0020 | 0.0012 | 0.0004 | 0.0016 | 0.0020 | 0.0012 | 0.0008 | 0.0036 | 0.0008 | 0.0063 | 0.0008 | 0.0028 | 0.0032 | 0.0004 | 0.0024 | 0.0036 | 0.0004 | 0.0028 | 0.0008 | 0.0012  |
|   D    | 0.0036 | 0.0016 | 0.0004 | 0.0004 | 0.0008 | 0.0008 | 0.0012 | 0.0008 | 0.0004 | 0.0024 | 0.0008 | 0.0008 | 0.0028 | 0.0000 | 0.0020 | 0.0016 | 0.0012 | 0.0016 | 0.0008 | 0.0012  |
|   E    | 0.0020 | 0.0024 | 0.0020 | 0.0044 | 0.0008 | 0.0008 | 0.0004 | 0.0004 | 0.0004 | 0.0008 | 0.0000 | 0.0012 | 0.0036 | 0.0024 | 0.0040 | 0.0044 | 0.0016 | 0.0012 | 0.0004 | 0.0008  |
|   F    | 0.0024 | 0.0004 | 0.0032 | 0.0012 | 0.0016 | 0.0020 | 0.0028 | 0.0024 | 0.0012 | 0.0055 | 0.0008 | 0.0008 | 0.0032 | 0.0059 | 0.0048 | 0.0040 | 0.0020 | 0.0012 | 0.0004 | 0.0016  |
|   G    | 0.0075 | 0.0020 | 0.0036 | 0.0024 | 0.0055 | 0.0079 | 0.0012 | 0.0016 | 0.0032 | 0.0040 | 0.0008 | 0.0000 | 0.0048 | 0.0012 | 0.0051 | 0.0055 | 0.0020 | 0.0032 | 0.0012 | 0.0012  |
|   H    | 0.0020 | 0.0032 | 0.0004 | 0.0008 | 0.0012 | 0.0028 | 0.0012 | 0.0012 | 0.0004 | 0.0032 | 0.0004 | 0.0012 | 0.0016 | 0.0016 | 0.0028 | 0.0028 | 0.0008 | 0.0012 | 0.0012 | 0.0008  |
|   I    | 0.0020 | 0.0032 | 0.0000 | 0.0004 | 0.0040 | 0.0016 | 0.0012 | 0.0032 | 0.0020 | 0.0055 | 0.0000 | 0.0004 | 0.0028 | 0.0016 | 0.0008 | 0.0032 | 0.0016 | 0.0012 | 0.0016 | 0.0004  |
|   K    | 0.0032 | 0.0008 | 0.0008 | 0.0016 | 0.0028 | 0.0012 | 0.0012 | 0.0024 | 0.0028 | 0.0048 | 0.0016 | 0.0016 | 0.0016 | 0.0024 | 0.0016 | 0.0024 | 0.0040 | 0.0024 | 0.0004 | 0.0012  |
|   L    | 0.0024 | 0.0063 | 0.0024 | 0.0040 | 0.0036 | 0.0024 | 0.0020 | 0.0016 | 0.0016 | 0.0127 | 0.0008 | 0.0008 | 0.0119 | 0.0040 | 0.0059 | 0.0055 | 0.0024 | 0.0044 | 0.0032 | 0.0020  |
|   M    | 0.0048 | 0.0020 | 0.0012 | 0.0032 | 0.0020 | 0.0075 | 0.0016 | 0.0032 | 0.0044 | 0.0075 | 0.0028 | 0.0028 | 0.0091 | 0.0036 | 0.0067 | 0.0095 | 0.0020 | 0.0036 | 0.0008 | 0.0012  |
|   N    | 0.0024 | 0.0016 | 0.0016 | 0.0000 | 0.0024 | 0.0012 | 0.0016 | 0.0012 | 0.0008 | 0.0040 | 0.0008 | 0.0024 | 0.0032 | 0.0004 | 0.0028 | 0.0016 | 0.0024 | 0.0012 | 0.0008 | 0.0004  |
|   P    | 0.0055 | 0.0016 | 0.0040 | 0.0024 | 0.0028 | 0.0040 | 0.0040 | 0.0032 | 0.0020 | 0.0044 | 0.0012 | 0.0032 | 0.0044 | 0.0024 | 0.0075 | 0.0095 | 0.0059 | 0.0040 | 0.0008 | 0.0004  |
|   Q    | 0.0028 | 0.0008 | 0.0004 | 0.0008 | 0.0008 | 0.0028 | 0.0012 | 0.0020 | 0.0020 | 0.0020 | 0.0016 | 0.0012 | 0.0020 | 0.0016 | 0.0040 | 0.0020 | 0.0063 | 0.0028 | 0.0000 | 0.0008  |
|   R    | 0.0075 | 0.0016 | 0.0020 | 0.0012 | 0.0032 | 0.0051 | 0.0024 | 0.0020 | 0.0036 | 0.0044 | 0.0004 | 0.0028 | 0.0036 | 0.0012 | 0.0099 | 0.0127 | 0.0083 | 0.0048 | 0.0008 | 0.0012  |
|   S    | 0.0059 | 0.0016 | 0.0004 | 0.0024 | 0.0048 | 0.0075 | 0.0020 | 0.0024 | 0.0028 | 0.0067 | 0.0012 | 0.0036 | 0.0071 | 0.0063 | 0.0075 | 0.0115 | 0.0059 | 0.0036 | 0.0040 | 0.0020  |
|   T    | 0.0036 | 0.0020 | 0.0016 | 0.0020 | 0.0016 | 0.0051 | 0.0020 | 0.0024 | 0.0020 | 0.0036 | 0.0016 | 0.0020 | 0.0036 | 0.0004 | 0.0048 | 0.0040 | 0.0044 | 0.0044 | 0.0036 | 0.0008  |
|   V    | 0.0032 | 0.0004 | 0.0008 | 0.0016 | 0.0028 | 0.0059 | 0.0012 | 0.0028 | 0.0012 | 0.0055 | 0.0004 | 0.0008 | 0.0020 | 0.0016 | 0.0044 | 0.0051 | 0.0012 | 0.0036 | 0.0016 | 0.0024  |
|   W    | 0.0000 | 0.0016 | 0.0012 | 0.0020 | 0.0004 | 0.0012 | 0.0008 | 0.0008 | 0.0024 | 0.0016 | 0.0024 | 0.0016 | 0.0004 | 0.0000 | 0.0024 | 0.0008 | 0.0020 | 0.0016 | 0.0000 | 0.0012  |
|   Y    | 0.0020 | 0.0008 | 0.0008 | 0.0004 | 0.0020 | 0.0004 | 0.0008 | 0.0000 | 0.0020 | 0.0020 | 0.0000 | 0.0016 | 0.0016 | 0.0008 | 0.0024 | 0.0028 | 0.0008 | 0.0008 | 0.0000 | 0.0016  |
----------------------------------------------------------------------------------------------------------------------------------------------------------------------------------------------


mamalian3.fasta
------------------------
|Amino Acid | Frequency|
------------------------
|     A     | 0.018357 |
|     C     | 0.030157 |
|     D     | 0.029283 |
|     E     | 0.015297 |
|     F     | 0.067745 |
|     G     | 0.025787 |
|     H     | 0.037150 |
|     I     | 0.111014 |
|     K     | 0.040647 |
|     L     | 0.102710 |
|     M     | 0.102273 |
|     N     | 0.035839 |
|     P     | 0.032343 |
|     Q     | 0.024913 |
|     R     | 0.054633 |
|     S     | 0.086976 |
|     T     | 0.049825 |
|     V     | 0.057255 |
|     W     | 0.013986 |
|     Y     | 0.063811 |
------------------------
----------------------------------------------------------------------------------------------------------------------------------------------------------------------------------------------
|        |   A    |   C    |   D    |   E    |   F    |   G    |   H    |   I    |   K    |   L    |   M    |   N    |   P    |   Q    |   R    |   S    |   T    |   V    |   W    |   Y    |
----------------------------------------------------------------------------------------------------------------------------------------------------------------------------------------------
|   A    | 0.0000 | 0.0011 | 0.0000 | 0.0017 | 0.0017 | 0.0000 | 0.0006 | 0.0028 | 0.0017 | 0.0006 | 0.0000 | 0.0006 | 0.0006 | 0.0000 | 0.0011 | 0.0022 | 0.0011 | 0.0022 | 0.0000 | 0.0000  |
|   C    | 0.0017 | 0.0006 | 0.0011 | 0.0000 | 0.0034 | 0.0017 | 0.0022 | 0.0050 | 0.0011 | 0.0039 | 0.0006 | 0.0028 | 0.0000 | 0.0017 | 0.0011 | 0.0017 | 0.0017 | 0.0022 | 0.0006 | 0.0006  |
|   D    | 0.0000 | 0.0006 | 0.0006 | 0.0011 | 0.0017 | 0.0017 | 0.0006 | 0.0056 | 0.0034 | 0.0017 | 0.0011 | 0.0000 | 0.0011 | 0.0000 | 0.0039 | 0.0028 | 0.0011 | 0.0028 | 0.0006 | 0.0011  |
|   E    | 0.0000 | 0.0011 | 0.0006 | 0.0000 | 0.0000 | 0.0000 | 0.0006 | 0.0022 | 0.0006 | 0.0011 | 0.0000 | 0.0000 | 0.0006 | 0.0006 | 0.0017 | 0.0022 | 0.0011 | 0.0000 | 0.0000 | 0.0011  |
|   F    | 0.0000 | 0.0011 | 0.0022 | 0.0006 | 0.0078 | 0.0028 | 0.0034 | 0.0067 | 0.0000 | 0.0089 | 0.0017 | 0.0017 | 0.0028 | 0.0017 | 0.0056 | 0.0056 | 0.0045 | 0.0039 | 0.0017 | 0.0050  |
|   G    | 0.0011 | 0.0022 | 0.0000 | 0.0006 | 0.0022 | 0.0011 | 0.0006 | 0.0039 | 0.0017 | 0.0034 | 0.0006 | 0.0006 | 0.0006 | 0.0000 | 0.0000 | 0.0028 | 0.0022 | 0.0000 | 0.0000 | 0.0017  |
|   H    | 0.0011 | 0.0022 | 0.0011 | 0.0000 | 0.0017 | 0.0011 | 0.0050 | 0.0050 | 0.0006 | 0.0045 | 0.0000 | 0.0011 | 0.0022 | 0.0011 | 0.0017 | 0.0006 | 0.0017 | 0.0017 | 0.0006 | 0.0034  |
|   I    | 0.0034 | 0.0050 | 0.0034 | 0.0011 | 0.0073 | 0.0011 | 0.0039 | 0.0168 | 0.0022 | 0.0134 | 0.0011 | 0.0022 | 0.0017 | 0.0045 | 0.0084 | 0.0084 | 0.0061 | 0.0061 | 0.0022 | 0.0067  |
|   K    | 0.0006 | 0.0011 | 0.0017 | 0.0017 | 0.0045 | 0.0000 | 0.0011 | 0.0056 | 0.0050 | 0.0034 | 0.0000 | 0.0034 | 0.0006 | 0.0006 | 0.0022 | 0.0039 | 0.0000 | 0.0006 | 0.0006 | 0.0022  |
|   L    | 0.0011 | 0.0045 | 0.0022 | 0.0056 | 0.0112 | 0.0034 | 0.0045 | 0.0067 | 0.0022 | 0.0084 | 0.0011 | 0.0017 | 0.0050 | 0.0034 | 0.0022 | 0.0128 | 0.0034 | 0.0045 | 0.0034 | 0.0117  |
|   M    | 0.0045 | 0.0028 | 0.0045 | 0.0006 | 0.0073 | 0.0022 | 0.0017 | 0.0123 | 0.0067 | 0.0162 | 0.0011 | 0.0056 | 0.0022 | 0.0011 | 0.0067 | 0.0173 | 0.0067 | 0.0095 | 0.0006 | 0.0056  |
|   N    | 0.0017 | 0.0000 | 0.0022 | 0.0011 | 0.0017 | 0.0028 | 0.0011 | 0.0045 | 0.0028 | 0.0045 | 0.0000 | 0.0006 | 0.0022 | 0.0006 | 0.0006 | 0.0022 | 0.0028 | 0.0045 | 0.0006 | 0.0017  |
|   P    | 0.0011 | 0.0006 | 0.0017 | 0.0006 | 0.0028 | 0.0000 | 0.0000 | 0.0045 | 0.0011 | 0.0045 | 0.0000 | 0.0006 | 0.0028 | 0.0017 | 0.0022 | 0.0017 | 0.0045 | 0.0000 | 0.0000 | 0.0006  |
|   Q    | 0.0000 | 0.0006 | 0.0000 | 0.0000 | 0.0045 | 0.0006 | 0.0039 | 0.0045 | 0.0017 | 0.0017 | 0.0000 | 0.0011 | 0.0006 | 0.0000 | 0.0022 | 0.0011 | 0.0017 | 0.0000 | 0.0006 | 0.0017  |
|   R    | 0.0017 | 0.0006 | 0.0011 | 0.0000 | 0.0022 | 0.0034 | 0.0022 | 0.0045 | 0.0045 | 0.0067 | 0.0011 | 0.0028 | 0.0011 | 0.0011 | 0.0056 | 0.0050 | 0.0017 | 0.0067 | 0.0000 | 0.0050  |
|   S    | 0.0022 | 0.0022 | 0.0017 | 0.0006 | 0.0061 | 0.0017 | 0.0028 | 0.0078 | 0.0056 | 0.0123 | 0.0039 | 0.0022 | 0.0022 | 0.0006 | 0.0073 | 0.0112 | 0.0050 | 0.0073 | 0.0017 | 0.0061  |
|   T    | 0.0011 | 0.0006 | 0.0011 | 0.0006 | 0.0000 | 0.0011 | 0.0017 | 0.0056 | 0.0022 | 0.0034 | 0.0011 | 0.0034 | 0.0039 | 0.0022 | 0.0017 | 0.0050 | 0.0028 | 0.0034 | 0.0011 | 0.0034  |
|   V    | 0.0000 | 0.0034 | 0.0022 | 0.0011 | 0.0028 | 0.0017 | 0.0011 | 0.0050 | 0.0011 | 0.0067 | 0.0000 | 0.0017 | 0.0034 | 0.0028 | 0.0017 | 0.0067 | 0.0034 | 0.0039 | 0.0006 | 0.0045  |
|   W    | 0.0000 | 0.0006 | 0.0006 | 0.0000 | 0.0011 | 0.0000 | 0.0000 | 0.0022 | 0.0006 | 0.0011 | 0.0000 | 0.0011 | 0.0000 | 0.0006 | 0.0017 | 0.0006 | 0.0011 | 0.0000 | 0.0006 | 0.0017  |
|   Y    | 0.0000 | 0.0028 | 0.0017 | 0.0017 | 0.0034 | 0.0017 | 0.0034 | 0.0095 | 0.0017 | 0.0067 | 0.0022 | 0.0011 | 0.0050 | 0.0028 | 0.0022 | 0.0061 | 0.0022 | 0.0045 | 0.0006 | 0.0039  |
----------------------------------------------------------------------------------------------------------------------------------------------------------------------------------------------


mamalian4.fasta
------------------------
|Amino Acid | Frequency|
------------------------
|     A     | 0.074598 |
|     C     | 0.035592 |
|     D     | 0.019015 |
|     E     | 0.030717 |
|     F     | 0.032179 |
|     G     | 0.072160 |
|     H     | 0.025353 |
|     I     | 0.035592 |
|     K     | 0.024866 |
|     L     | 0.078986 |
|     M     | 0.074110 |
|     N     | 0.024378 |
|     P     | 0.053145 |
|     Q     | 0.031692 |
|     R     | 0.103364 |
|     S     | 0.108727 |
|     T     | 0.059971 |
|     V     | 0.072160 |
|     W     | 0.023403 |
|     Y     | 0.019990 |
------------------------
----------------------------------------------------------------------------------------------------------------------------------------------------------------------------------------------
|        |   A    |   C    |   D    |   E    |   F    |   G    |   H    |   I    |   K    |   L    |   M    |   N    |   P    |   Q    |   R    |   S    |   T    |   V    |   W    |   Y    |
----------------------------------------------------------------------------------------------------------------------------------------------------------------------------------------------
|   A    | 0.0128 | 0.0033 | 0.0022 | 0.0011 | 0.0011 | 0.0050 | 0.0011 | 0.0017 | 0.0022 | 0.0028 | 0.0006 | 0.0011 | 0.0044 | 0.0022 | 0.0083 | 0.0044 | 0.0044 | 0.0089 | 0.0044 | 0.0017  |
|   C    | 0.0011 | 0.0022 | 0.0000 | 0.0022 | 0.0011 | 0.0028 | 0.0011 | 0.0017 | 0.0000 | 0.0050 | 0.0000 | 0.0006 | 0.0017 | 0.0017 | 0.0050 | 0.0044 | 0.0006 | 0.0033 | 0.0011 | 0.0011  |
|   D    | 0.0028 | 0.0000 | 0.0006 | 0.0000 | 0.0000 | 0.0017 | 0.0006 | 0.0006 | 0.0000 | 0.0022 | 0.0006 | 0.0000 | 0.0006 | 0.0011 | 0.0028 | 0.0011 | 0.0006 | 0.0028 | 0.0006 | 0.0006  |
|   E    | 0.0011 | 0.0028 | 0.0000 | 0.0039 | 0.0006 | 0.0017 | 0.0006 | 0.0017 | 0.0006 | 0.0017 | 0.0022 | 0.0017 | 0.0011 | 0.0000 | 0.0022 | 0.0033 | 0.0022 | 0.0022 | 0.0000 | 0.0017  |
|   F    | 0.0006 | 0.0017 | 0.0000 | 0.0006 | 0.0028 | 0.0028 | 0.0006 | 0.0000 | 0.0000 | 0.0022 | 0.0006 | 0.0006 | 0.0033 | 0.0017 | 0.0022 | 0.0044 | 0.0044 | 0.0017 | 0.0011 | 0.0000  |
|   G    | 0.0044 | 0.0028 | 0.0050 | 0.0039 | 0.0017 | 0.0089 | 0.0044 | 0.0011 | 0.0022 | 0.0022 | 0.0006 | 0.0033 | 0.0033 | 0.0017 | 0.0067 | 0.0100 | 0.0028 | 0.0067 | 0.0011 | 0.0000  |
|   H    | 0.0022 | 0.0000 | 0.0017 | 0.0000 | 0.0011 | 0.0011 | 0.0006 | 0.0006 | 0.0006 | 0.0022 | 0.0006 | 0.0000 | 0.0017 | 0.0017 | 0.0055 | 0.0017 | 0.0006 | 0.0017 | 0.0000 | 0.0022  |
|   I    | 0.0011 | 0.0022 | 0.0006 | 0.0022 | 0.0011 | 0.0028 | 0.0006 | 0.0011 | 0.0006 | 0.0055 | 0.0006 | 0.0000 | 0.0006 | 0.0011 | 0.0033 | 0.0033 | 0.0039 | 0.0028 | 0.0011 | 0.0000  |
|   K    | 0.0006 | 0.0000 | 0.0000 | 0.0022 | 0.0006 | 0.0011 | 0.0017 | 0.0011 | 0.0022 | 0.0017 | 0.0000 | 0.0017 | 0.0011 | 0.0011 | 0.0033 | 0.0022 | 0.0033 | 0.0006 | 0.0006 | 0.0000  |
|   L    | 0.0061 | 0.0011 | 0.0011 | 0.0011 | 0.0050 | 0.0039 | 0.0028 | 0.0011 | 0.0006 | 0.0111 | 0.0000 | 0.0000 | 0.0050 | 0.0033 | 0.0100 | 0.0067 | 0.0011 | 0.0083 | 0.0033 | 0.0022  |
|   M    | 0.0061 | 0.0028 | 0.0017 | 0.0033 | 0.0033 | 0.0055 | 0.0028 | 0.0044 | 0.0017 | 0.0067 | 0.0017 | 0.0033 | 0.0011 | 0.0000 | 0.0061 | 0.0072 | 0.0050 | 0.0033 | 0.0000 | 0.0033  |
|   N    | 0.0017 | 0.0011 | 0.0011 | 0.0006 | 0.0000 | 0.0022 | 0.0011 | 0.0006 | 0.0011 | 0.0011 | 0.0006 | 0.0000 | 0.0011 | 0.0006 | 0.0028 | 0.0033 | 0.0017 | 0.0028 | 0.0000 | 0.0000  |
|   P    | 0.0044 | 0.0028 | 0.0000 | 0.0017 | 0.0033 | 0.0028 | 0.0006 | 0.0011 | 0.0000 | 0.0039 | 0.0006 | 0.0011 | 0.0044 | 0.0006 | 0.0061 | 0.0067 | 0.0044 | 0.0067 | 0.0022 | 0.0017  |
|   Q    | 0.0022 | 0.0000 | 0.0000 | 0.0006 | 0.0011 | 0.0022 | 0.0017 | 0.0022 | 0.0017 | 0.0044 | 0.0006 | 0.0011 | 0.0017 | 0.0028 | 0.0055 | 0.0022 | 0.0006 | 0.0017 | 0.0006 | 0.0000  |
|   R    | 0.0083 | 0.0055 | 0.0000 | 0.0017 | 0.0006 | 0.0117 | 0.0039 | 0.0050 | 0.0028 | 0.0100 | 0.0006 | 0.0022 | 0.0067 | 0.0039 | 0.0144 | 0.0122 | 0.0072 | 0.0055 | 0.0017 | 0.0028  |
|   S    | 0.0089 | 0.0022 | 0.0022 | 0.0028 | 0.0028 | 0.0111 | 0.0000 | 0.0033 | 0.0039 | 0.0072 | 0.0022 | 0.0055 | 0.0100 | 0.0039 | 0.0122 | 0.0216 | 0.0055 | 0.0061 | 0.0028 | 0.0011  |
|   T    | 0.0083 | 0.0028 | 0.0000 | 0.0017 | 0.0022 | 0.0011 | 0.0017 | 0.0017 | 0.0028 | 0.0055 | 0.0006 | 0.0017 | 0.0028 | 0.0011 | 0.0055 | 0.0105 | 0.0050 | 0.0044 | 0.0000 | 0.0006  |
|   V    | 0.0033 | 0.0028 | 0.0022 | 0.0028 | 0.0039 | 0.0083 | 0.0006 | 0.0028 | 0.0022 | 0.0067 | 0.0011 | 0.0011 | 0.0055 | 0.0011 | 0.0022 | 0.0122 | 0.0044 | 0.0055 | 0.0011 | 0.0006  |
|   W    | 0.0017 | 0.0006 | 0.0000 | 0.0006 | 0.0000 | 0.0006 | 0.0000 | 0.0017 | 0.0006 | 0.0017 | 0.0000 | 0.0006 | 0.0011 | 0.0011 | 0.0039 | 0.0017 | 0.0022 | 0.0028 | 0.0028 | 0.0011  |
|   Y    | 0.0017 | 0.0011 | 0.0000 | 0.0006 | 0.0028 | 0.0011 | 0.0000 | 0.0017 | 0.0006 | 0.0017 | 0.0000 | 0.0006 | 0.0006 | 0.0011 | 0.0011 | 0.0006 | 0.0028 | 0.0000 | 0.0017 | 0.0006  |
----------------------------------------------------------------------------------------------------------------------------------------------------------------------------------------------


bacterial1.fasta
------------------------
|Amino Acid | Frequency|
------------------------
|     A     | 0.039463 |
|     C     | 0.029203 |
|     D     | 0.018942 |
|     E     | 0.026835 |
|     F     | 0.061563 |
|     G     | 0.037885 |
|     H     | 0.022099 |
|     I     | 0.064720 |
|     K     | 0.062352 |
|     L     | 0.092344 |
|     M     | 0.138122 |
|     N     | 0.037096 |
|     P     | 0.021310 |
|     Q     | 0.051302 |
|     R     | 0.050513 |
|     S     | 0.089187 |
|     T     | 0.049724 |
|     V     | 0.050513 |
|     W     | 0.012628 |
|     Y     | 0.044199 |
------------------------
----------------------------------------------------------------------------------------------------------------------------------------------------------------------------------------------
|        |   A    |   C    |   D    |   E    |   F    |   G    |   H    |   I    |   K    |   L    |   M    |   N    |   P    |   Q    |   R    |   S    |   T    |   V    |   W    |   Y    |
----------------------------------------------------------------------------------------------------------------------------------------------------------------------------------------------
|   A    | 0.0010 | 0.0042 | 0.0000 | 0.0042 | 0.0000 | 0.0010 | 0.0000 | 0.0031 | 0.0042 | 0.0063 | 0.0010 | 0.0042 | 0.0010 | 0.0000 | 0.0021 | 0.0010 | 0.0021 | 0.0010 | 0.0000 | 0.0031  |
|   C    | 0.0000 | 0.0000 | 0.0000 | 0.0000 | 0.0042 | 0.0010 | 0.0000 | 0.0010 | 0.0021 | 0.0000 | 0.0000 | 0.0010 | 0.0000 | 0.0021 | 0.0000 | 0.0052 | 0.0000 | 0.0010 | 0.0000 | 0.0042  |
|   D    | 0.0010 | 0.0000 | 0.0000 | 0.0000 | 0.0031 | 0.0010 | 0.0010 | 0.0021 | 0.0010 | 0.0000 | 0.0000 | 0.0000 | 0.0000 | 0.0000 | 0.0042 | 0.0021 | 0.0000 | 0.0000 | 0.0021 | 0.0000  |
|   E    | 0.0010 | 0.0000 | 0.0000 | 0.0000 | 0.0010 | 0.0010 | 0.0000 | 0.0010 | 0.0010 | 0.0010 | 0.0021 | 0.0021 | 0.0000 | 0.0042 | 0.0052 | 0.0021 | 0.0010 | 0.0010 | 0.0010 | 0.0010  |
|   F    | 0.0031 | 0.0052 | 0.0010 | 0.0021 | 0.0063 | 0.0021 | 0.0021 | 0.0084 | 0.0052 | 0.0105 | 0.0010 | 0.0021 | 0.0010 | 0.0000 | 0.0042 | 0.0073 | 0.0010 | 0.0021 | 0.0000 | 0.0021  |
|   G    | 0.0010 | 0.0000 | 0.0010 | 0.0000 | 0.0042 | 0.0031 | 0.0010 | 0.0084 | 0.0042 | 0.0052 | 0.0000 | 0.0010 | 0.0000 | 0.0021 | 0.0021 | 0.0042 | 0.0031 | 0.0010 | 0.0000 | 0.0000  |
|   H    | 0.0031 | 0.0010 | 0.0000 | 0.0010 | 0.0021 | 0.0010 | 0.0000 | 0.0000 | 0.0031 | 0.0010 | 0.0000 | 0.0000 | 0.0000 | 0.0010 | 0.0010 | 0.0021 | 0.0010 | 0.0021 | 0.0000 | 0.0000  |
|   I    | 0.0031 | 0.0010 | 0.0010 | 0.0000 | 0.0042 | 0.0021 | 0.0021 | 0.0021 | 0.0010 | 0.0084 | 0.0000 | 0.0021 | 0.0010 | 0.0073 | 0.0052 | 0.0052 | 0.0010 | 0.0021 | 0.0000 | 0.0052  |
|   K    | 0.0021 | 0.0031 | 0.0000 | 0.0010 | 0.0052 | 0.0021 | 0.0021 | 0.0042 | 0.0042 | 0.0073 | 0.0010 | 0.0021 | 0.0031 | 0.0021 | 0.0063 | 0.0010 | 0.0094 | 0.0052 | 0.0010 | 0.0021  |
|   L    | 0.0031 | 0.0010 | 0.0031 | 0.0021 | 0.0042 | 0.0031 | 0.0052 | 0.0063 | 0.0021 | 0.0115 | 0.0021 | 0.0010 | 0.0021 | 0.0115 | 0.0021 | 0.0115 | 0.0031 | 0.0042 | 0.0021 | 0.0094  |
|   M    | 0.0136 | 0.0021 | 0.0052 | 0.0115 | 0.0105 | 0.0063 | 0.0021 | 0.0052 | 0.0115 | 0.0105 | 0.0000 | 0.0073 | 0.0063 | 0.0084 | 0.0010 | 0.0073 | 0.0136 | 0.0115 | 0.0010 | 0.0094  |
|   N    | 0.0031 | 0.0021 | 0.0010 | 0.0000 | 0.0063 | 0.0052 | 0.0010 | 0.0031 | 0.0063 | 0.0031 | 0.0000 | 0.0000 | 0.0010 | 0.0000 | 0.0000 | 0.0021 | 0.0010 | 0.0021 | 0.0010 | 0.0000  |
|   P    | 0.0021 | 0.0010 | 0.0000 | 0.0000 | 0.0021 | 0.0010 | 0.0010 | 0.0031 | 0.0000 | 0.0010 | 0.0010 | 0.0000 | 0.0010 | 0.0000 | 0.0021 | 0.0000 | 0.0000 | 0.0000 | 0.0000 | 0.0010  |
|   Q    | 0.0010 | 0.0000 | 0.0000 | 0.0000 | 0.0010 | 0.0000 | 0.0000 | 0.0042 | 0.0052 | 0.0063 | 0.0010 | 0.0021 | 0.0010 | 0.0021 | 0.0031 | 0.0031 | 0.0063 | 0.0073 | 0.0010 | 0.0021  |
|   R    | 0.0021 | 0.0031 | 0.0021 | 0.0010 | 0.0042 | 0.0010 | 0.0010 | 0.0021 | 0.0021 | 0.0031 | 0.0000 | 0.0021 | 0.0010 | 0.0042 | 0.0031 | 0.0094 | 0.0042 | 0.0042 | 0.0010 | 0.0000  |
|   S    | 0.0010 | 0.0052 | 0.0010 | 0.0021 | 0.0042 | 0.0063 | 0.0021 | 0.0105 | 0.0063 | 0.0115 | 0.0031 | 0.0063 | 0.0021 | 0.0021 | 0.0021 | 0.0168 | 0.0021 | 0.0063 | 0.0010 | 0.0052  |
|   T    | 0.0010 | 0.0031 | 0.0000 | 0.0031 | 0.0000 | 0.0021 | 0.0000 | 0.0021 | 0.0052 | 0.0115 | 0.0021 | 0.0021 | 0.0010 | 0.0042 | 0.0031 | 0.0010 | 0.0021 | 0.0042 | 0.0021 | 0.0021  |
|   V    | 0.0010 | 0.0010 | 0.0031 | 0.0021 | 0.0052 | 0.0031 | 0.0010 | 0.0031 | 0.0042 | 0.0094 | 0.0000 | 0.0010 | 0.0010 | 0.0042 | 0.0042 | 0.0031 | 0.0031 | 0.0010 | 0.0010 | 0.0021  |
|   W    | 0.0000 | 0.0000 | 0.0010 | 0.0010 | 0.0010 | 0.0000 | 0.0000 | 0.0000 | 0.0000 | 0.0010 | 0.0010 | 0.0010 | 0.0000 | 0.0021 | 0.0010 | 0.0031 | 0.0010 | 0.0000 | 0.0000 | 0.0000  |
|   Y    | 0.0031 | 0.0021 | 0.0021 | 0.0000 | 0.0031 | 0.0021 | 0.0042 | 0.0042 | 0.0000 | 0.0000 | 0.0000 | 0.0010 | 0.0000 | 0.0031 | 0.0021 | 0.0073 | 0.0000 | 0.0000 | 0.0010 | 0.0021  |
----------------------------------------------------------------------------------------------------------------------------------------------------------------------------------------------


bacterial2.fasta
------------------------
|Amino Acid | Frequency|
------------------------
|     A     | 0.045950 |
|     C     | 0.031542 |
|     D     | 0.027259 |
|     E     | 0.022586 |
|     F     | 0.043614 |
|     G     | 0.047118 |
|     H     | 0.029595 |
|     I     | 0.061137 |
|     K     | 0.038551 |
|     L     | 0.103583 |
|     M     | 0.091121 |
|     N     | 0.029984 |
|     P     | 0.059579 |
|     Q     | 0.035047 |
|     R     | 0.069704 |
|     S     | 0.090732 |
|     T     | 0.047508 |
|     V     | 0.072430 |
|     W     | 0.020639 |
|     Y     | 0.032321 |
------------------------
----------------------------------------------------------------------------------------------------------------------------------------------------------------------------------------------
|        |   A    |   C    |   D    |   E    |   F    |   G    |   H    |   I    |   K    |   L    |   M    |   N    |   P    |   Q    |   R    |   S    |   T    |   V    |   W    |   Y    |
----------------------------------------------------------------------------------------------------------------------------------------------------------------------------------------------
|   A    | 0.0018 | 0.0018 | 0.0009 | 0.0014 | 0.0046 | 0.0018 | 0.0014 | 0.0018 | 0.0036 | 0.0036 | 0.0018 | 0.0014 | 0.0023 | 0.0018 | 0.0027 | 0.0050 | 0.0027 | 0.0032 | 0.0005 | 0.0009  |
|   C    | 0.0005 | 0.0018 | 0.0005 | 0.0000 | 0.0023 | 0.0018 | 0.0005 | 0.0046 | 0.0005 | 0.0041 | 0.0000 | 0.0009 | 0.0018 | 0.0014 | 0.0023 | 0.0041 | 0.0000 | 0.0036 | 0.0009 | 0.0014  |
|   D    | 0.0005 | 0.0009 | 0.0000 | 0.0009 | 0.0032 | 0.0009 | 0.0005 | 0.0027 | 0.0009 | 0.0027 | 0.0005 | 0.0014 | 0.0000 | 0.0005 | 0.0023 | 0.0046 | 0.0018 | 0.0032 | 0.0000 | 0.0009  |
|   E    | 0.0000 | 0.0005 | 0.0005 | 0.0000 | 0.0009 | 0.0009 | 0.0005 | 0.0018 | 0.0009 | 0.0018 | 0.0005 | 0.0014 | 0.0027 | 0.0009 | 0.0018 | 0.0014 | 0.0014 | 0.0005 | 0.0000 | 0.0014  |
|   F    | 0.0032 | 0.0023 | 0.0005 | 0.0014 | 0.0023 | 0.0032 | 0.0005 | 0.0023 | 0.0018 | 0.0073 | 0.0018 | 0.0005 | 0.0027 | 0.0023 | 0.0027 | 0.0055 | 0.0014 | 0.0018 | 0.0014 | 0.0014  |
|   G    | 0.0027 | 0.0014 | 0.0023 | 0.0014 | 0.0059 | 0.0032 | 0.0014 | 0.0041 | 0.0009 | 0.0032 | 0.0018 | 0.0009 | 0.0005 | 0.0009 | 0.0046 | 0.0018 | 0.0018 | 0.0059 | 0.0009 | 0.0041  |
|   H    | 0.0014 | 0.0009 | 0.0005 | 0.0009 | 0.0023 | 0.0027 | 0.0023 | 0.0014 | 0.0005 | 0.0009 | 0.0023 | 0.0005 | 0.0036 | 0.0014 | 0.0032 | 0.0041 | 0.0005 | 0.0018 | 0.0005 | 0.0009  |
|   I    | 0.0023 | 0.0009 | 0.0000 | 0.0009 | 0.0018 | 0.0018 | 0.0009 | 0.0046 | 0.0014 | 0.0141 | 0.0009 | 0.0009 | 0.0041 | 0.0027 | 0.0041 | 0.0055 | 0.0036 | 0.0036 | 0.0005 | 0.0023  |
|   K    | 0.0009 | 0.0018 | 0.0018 | 0.0000 | 0.0009 | 0.0018 | 0.0000 | 0.0023 | 0.0014 | 0.0046 | 0.0009 | 0.0023 | 0.0027 | 0.0009 | 0.0073 | 0.0055 | 0.0023 | 0.0009 | 0.0005 | 0.0005  |
|   L    | 0.0032 | 0.0050 | 0.0027 | 0.0009 | 0.0046 | 0.0059 | 0.0036 | 0.0027 | 0.0009 | 0.0128 | 0.0005 | 0.0009 | 0.0091 | 0.0032 | 0.0087 | 0.0114 | 0.0046 | 0.0114 | 0.0009 | 0.0027  |
|   M    | 0.0050 | 0.0009 | 0.0032 | 0.0050 | 0.0041 | 0.0036 | 0.0027 | 0.0082 | 0.0064 | 0.0128 | 0.0014 | 0.0064 | 0.0036 | 0.0036 | 0.0059 | 0.0068 | 0.0064 | 0.0077 | 0.0023 | 0.0027  |
|   N    | 0.0005 | 0.0023 | 0.0027 | 0.0014 | 0.0018 | 0.0023 | 0.0005 | 0.0023 | 0.0014 | 0.0036 | 0.0005 | 0.0005 | 0.0005 | 0.0000 | 0.0036 | 0.0032 | 0.0023 | 0.0009 | 0.0005 | 0.0014  |
|   P    | 0.0059 | 0.0014 | 0.0023 | 0.0018 | 0.0036 | 0.0014 | 0.0014 | 0.0023 | 0.0023 | 0.0073 | 0.0005 | 0.0018 | 0.0046 | 0.0014 | 0.0023 | 0.0077 | 0.0046 | 0.0018 | 0.0023 | 0.0036  |
|   Q    | 0.0005 | 0.0014 | 0.0018 | 0.0014 | 0.0005 | 0.0014 | 0.0023 | 0.0050 | 0.0005 | 0.0018 | 0.0014 | 0.0014 | 0.0009 | 0.0023 | 0.0027 | 0.0023 | 0.0009 | 0.0036 | 0.0009 | 0.0018  |
|   R    | 0.0014 | 0.0032 | 0.0023 | 0.0018 | 0.0005 | 0.0046 | 0.0041 | 0.0023 | 0.0032 | 0.0077 | 0.0009 | 0.0032 | 0.0036 | 0.0036 | 0.0073 | 0.0050 | 0.0023 | 0.0055 | 0.0023 | 0.0027  |
|   S    | 0.0041 | 0.0023 | 0.0014 | 0.0018 | 0.0036 | 0.0055 | 0.0018 | 0.0050 | 0.0041 | 0.0100 | 0.0018 | 0.0014 | 0.0082 | 0.0018 | 0.0041 | 0.0118 | 0.0064 | 0.0082 | 0.0046 | 0.0023  |
|   T    | 0.0041 | 0.0009 | 0.0005 | 0.0005 | 0.0023 | 0.0027 | 0.0000 | 0.0027 | 0.0055 | 0.0073 | 0.0009 | 0.0014 | 0.0046 | 0.0018 | 0.0018 | 0.0023 | 0.0036 | 0.0023 | 0.0005 | 0.0009  |
|   V    | 0.0032 | 0.0046 | 0.0018 | 0.0009 | 0.0023 | 0.0041 | 0.0014 | 0.0032 | 0.0014 | 0.0082 | 0.0014 | 0.0027 | 0.0046 | 0.0032 | 0.0059 | 0.0068 | 0.0023 | 0.0082 | 0.0014 | 0.0023  |
|   W    | 0.0018 | 0.0005 | 0.0014 | 0.0000 | 0.0000 | 0.0005 | 0.0014 | 0.0009 | 0.0023 | 0.0023 | 0.0000 | 0.0014 | 0.0014 | 0.0005 | 0.0009 | 0.0023 | 0.0009 | 0.0018 | 0.0009 | 0.0014  |
|   Y    | 0.0046 | 0.0009 | 0.0009 | 0.0014 | 0.0009 | 0.0014 | 0.0041 | 0.0027 | 0.0018 | 0.0005 | 0.0005 | 0.0005 | 0.0032 | 0.0027 | 0.0014 | 0.0027 | 0.0009 | 0.0000 | 0.0014 | 0.0005  |
----------------------------------------------------------------------------------------------------------------------------------------------------------------------------------------------


bacterial3.fasta
------------------------
|Amino Acid | Frequency|
------------------------
|     A     | 0.046138 |
|     C     | 0.023847 |
|     D     | 0.029549 |
|     E     | 0.021773 |
|     F     | 0.031104 |
|     G     | 0.041991 |
|     H     | 0.018144 |
|     I     | 0.052359 |
|     K     | 0.064800 |
|     L     | 0.114567 |
|     M     | 0.131156 |
|     N     | 0.040435 |
|     P     | 0.022291 |
|     Q     | 0.044583 |
|     R     | 0.071021 |
|     S     | 0.076724 |
|     T     | 0.051322 |
|     V     | 0.054432 |
|     W     | 0.025920 |
|     Y     | 0.037843 |
------------------------
----------------------------------------------------------------------------------------------------------------------------------------------------------------------------------------------
|        |   A    |   C    |   D    |   E    |   F    |   G    |   H    |   I    |   K    |   L    |   M    |   N    |   P    |   Q    |   R    |   S    |   T    |   V    |   W    |   Y    |
----------------------------------------------------------------------------------------------------------------------------------------------------------------------------------------------
|   A    | 0.0032 | 0.0000 | 0.0013 | 0.0019 | 0.0013 | 0.0019 | 0.0000 | 0.0019 | 0.0039 | 0.0084 | 0.0006 | 0.0013 | 0.0000 | 0.0039 | 0.0039 | 0.0052 | 0.0013 | 0.0045 | 0.0000 | 0.0013  |
|   C    | 0.0006 | 0.0006 | 0.0013 | 0.0013 | 0.0000 | 0.0000 | 0.0013 | 0.0013 | 0.0032 | 0.0026 | 0.0000 | 0.0019 | 0.0006 | 0.0000 | 0.0013 | 0.0013 | 0.0019 | 0.0006 | 0.0019 | 0.0013  |
|   D    | 0.0019 | 0.0000 | 0.0032 | 0.0013 | 0.0000 | 0.0019 | 0.0000 | 0.0039 | 0.0013 | 0.0006 | 0.0019 | 0.0006 | 0.0000 | 0.0013 | 0.0026 | 0.0026 | 0.0006 | 0.0006 | 0.0013 | 0.0013  |
|   E    | 0.0006 | 0.0000 | 0.0006 | 0.0000 | 0.0000 | 0.0000 | 0.0000 | 0.0013 | 0.0026 | 0.0032 | 0.0019 | 0.0019 | 0.0000 | 0.0013 | 0.0026 | 0.0013 | 0.0006 | 0.0045 | 0.0000 | 0.0013  |
|   F    | 0.0013 | 0.0006 | 0.0000 | 0.0006 | 0.0006 | 0.0026 | 0.0006 | 0.0013 | 0.0032 | 0.0026 | 0.0006 | 0.0000 | 0.0000 | 0.0032 | 0.0019 | 0.0026 | 0.0032 | 0.0013 | 0.0006 | 0.0026  |
|   G    | 0.0039 | 0.0006 | 0.0006 | 0.0000 | 0.0006 | 0.0026 | 0.0000 | 0.0039 | 0.0052 | 0.0058 | 0.0006 | 0.0026 | 0.0006 | 0.0032 | 0.0032 | 0.0019 | 0.0013 | 0.0032 | 0.0000 | 0.0032  |
|   H    | 0.0013 | 0.0013 | 0.0000 | 0.0000 | 0.0000 | 0.0026 | 0.0000 | 0.0000 | 0.0019 | 0.0032 | 0.0000 | 0.0006 | 0.0006 | 0.0006 | 0.0013 | 0.0019 | 0.0006 | 0.0006 | 0.0000 | 0.0006  |
|   I    | 0.0026 | 0.0026 | 0.0006 | 0.0006 | 0.0019 | 0.0019 | 0.0006 | 0.0052 | 0.0039 | 0.0078 | 0.0006 | 0.0006 | 0.0006 | 0.0019 | 0.0039 | 0.0052 | 0.0071 | 0.0019 | 0.0032 | 0.0019  |
|   K    | 0.0000 | 0.0006 | 0.0006 | 0.0013 | 0.0006 | 0.0019 | 0.0013 | 0.0026 | 0.0097 | 0.0071 | 0.0039 | 0.0084 | 0.0013 | 0.0006 | 0.0071 | 0.0039 | 0.0052 | 0.0045 | 0.0013 | 0.0006  |
|   L    | 0.0052 | 0.0026 | 0.0039 | 0.0026 | 0.0104 | 0.0039 | 0.0032 | 0.0065 | 0.0052 | 0.0188 | 0.0032 | 0.0026 | 0.0026 | 0.0032 | 0.0052 | 0.0149 | 0.0045 | 0.0084 | 0.0032 | 0.0026  |
|   M    | 0.0110 | 0.0013 | 0.0058 | 0.0045 | 0.0058 | 0.0071 | 0.0006 | 0.0078 | 0.0091 | 0.0194 | 0.0026 | 0.0052 | 0.0058 | 0.0084 | 0.0084 | 0.0156 | 0.0123 | 0.0110 | 0.0019 | 0.0078  |
|   N    | 0.0000 | 0.0000 | 0.0000 | 0.0019 | 0.0013 | 0.0006 | 0.0026 | 0.0026 | 0.0019 | 0.0078 | 0.0000 | 0.0019 | 0.0013 | 0.0013 | 0.0039 | 0.0019 | 0.0000 | 0.0000 | 0.0006 | 0.0039  |
|   P    | 0.0013 | 0.0013 | 0.0006 | 0.0013 | 0.0000 | 0.0000 | 0.0000 | 0.0006 | 0.0006 | 0.0032 | 0.0019 | 0.0006 | 0.0000 | 0.0013 | 0.0019 | 0.0013 | 0.0013 | 0.0000 | 0.0013 | 0.0000  |
|   Q    | 0.0039 | 0.0013 | 0.0013 | 0.0000 | 0.0006 | 0.0019 | 0.0013 | 0.0026 | 0.0039 | 0.0039 | 0.0013 | 0.0026 | 0.0032 | 0.0019 | 0.0065 | 0.0013 | 0.0039 | 0.0032 | 0.0006 | 0.0019  |
|   R    | 0.0032 | 0.0032 | 0.0052 | 0.0019 | 0.0013 | 0.0026 | 0.0019 | 0.0039 | 0.0078 | 0.0078 | 0.0006 | 0.0039 | 0.0013 | 0.0032 | 0.0045 | 0.0039 | 0.0032 | 0.0032 | 0.0045 | 0.0019  |
|   S    | 0.0000 | 0.0006 | 0.0026 | 0.0019 | 0.0058 | 0.0058 | 0.0019 | 0.0071 | 0.0045 | 0.0091 | 0.0026 | 0.0058 | 0.0039 | 0.0045 | 0.0058 | 0.0065 | 0.0026 | 0.0013 | 0.0013 | 0.0013  |
|   T    | 0.0032 | 0.0039 | 0.0013 | 0.0000 | 0.0032 | 0.0026 | 0.0006 | 0.0045 | 0.0006 | 0.0052 | 0.0006 | 0.0013 | 0.0000 | 0.0013 | 0.0045 | 0.0045 | 0.0052 | 0.0039 | 0.0006 | 0.0032  |
|   V    | 0.0052 | 0.0013 | 0.0032 | 0.0000 | 0.0019 | 0.0032 | 0.0006 | 0.0019 | 0.0013 | 0.0084 | 0.0026 | 0.0013 | 0.0000 | 0.0039 | 0.0019 | 0.0058 | 0.0013 | 0.0039 | 0.0026 | 0.0032  |
|   W    | 0.0013 | 0.0006 | 0.0000 | 0.0006 | 0.0000 | 0.0013 | 0.0006 | 0.0006 | 0.0019 | 0.0019 | 0.0006 | 0.0000 | 0.0000 | 0.0000 | 0.0045 | 0.0032 | 0.0019 | 0.0032 | 0.0013 | 0.0006  |
|   Y    | 0.0013 | 0.0013 | 0.0000 | 0.0006 | 0.0019 | 0.0032 | 0.0013 | 0.0006 | 0.0019 | 0.0019 | 0.0000 | 0.0013 | 0.0006 | 0.0039 | 0.0052 | 0.0013 | 0.0000 | 0.0026 | 0.0013 | 0.0026  |
----------------------------------------------------------------------------------------------------------------------------------------------------------------------------------------------


bacterial4.fasta
------------------------
|Amino Acid | Frequency|
------------------------
|     A     | 0.022508 |
|     C     | 0.020900 |
|     D     | 0.017685 |
|     E     | 0.016881 |
|     F     | 0.064309 |
|     G     | 0.040997 |
|     H     | 0.012058 |
|     I     | 0.073151 |
|     K     | 0.081190 |
|     L     | 0.125402 |
|     M     | 0.216238 |
|     N     | 0.045820 |
|     P     | 0.011254 |
|     Q     | 0.035370 |
|     R     | 0.049035 |
|     S     | 0.040193 |
|     T     | 0.023312 |
|     V     | 0.047428 |
|     W     | 0.012058 |
|     Y     | 0.044212 |
------------------------
----------------------------------------------------------------------------------------------------------------------------------------------------------------------------------------------
|        |   A    |   C    |   D    |   E    |   F    |   G    |   H    |   I    |   K    |   L    |   M    |   N    |   P    |   Q    |   R    |   S    |   T    |   V    |   W    |   Y    |
----------------------------------------------------------------------------------------------------------------------------------------------------------------------------------------------
|   A    | 0.0033 | 0.0000 | 0.0011 | 0.0000 | 0.0011 | 0.0022 | 0.0000 | 0.0011 | 0.0022 | 0.0022 | 0.0000 | 0.0011 | 0.0000 | 0.0000 | 0.0000 | 0.0033 | 0.0022 | 0.0022 | 0.0011 | 0.0011  |
|   C    | 0.0011 | 0.0011 | 0.0000 | 0.0000 | 0.0033 | 0.0011 | 0.0000 | 0.0011 | 0.0022 | 0.0022 | 0.0011 | 0.0011 | 0.0000 | 0.0022 | 0.0011 | 0.0022 | 0.0011 | 0.0022 | 0.0000 | 0.0011  |
|   D    | 0.0011 | 0.0000 | 0.0011 | 0.0000 | 0.0011 | 0.0011 | 0.0000 | 0.0022 | 0.0000 | 0.0067 | 0.0011 | 0.0000 | 0.0000 | 0.0000 | 0.0011 | 0.0022 | 0.0011 | 0.0000 | 0.0000 | 0.0022  |
|   E    | 0.0011 | 0.0000 | 0.0000 | 0.0011 | 0.0011 | 0.0011 | 0.0000 | 0.0011 | 0.0011 | 0.0033 | 0.0000 | 0.0011 | 0.0011 | 0.0022 | 0.0011 | 0.0022 | 0.0000 | 0.0011 | 0.0000 | 0.0011  |
|   F    | 0.0022 | 0.0033 | 0.0000 | 0.0000 | 0.0033 | 0.0033 | 0.0011 | 0.0078 | 0.0022 | 0.0089 | 0.0022 | 0.0011 | 0.0011 | 0.0011 | 0.0056 | 0.0011 | 0.0022 | 0.0011 | 0.0011 | 0.0056  |
|   G    | 0.0022 | 0.0000 | 0.0000 | 0.0000 | 0.0033 | 0.0011 | 0.0000 | 0.0033 | 0.0067 | 0.0056 | 0.0000 | 0.0033 | 0.0011 | 0.0011 | 0.0011 | 0.0033 | 0.0022 | 0.0033 | 0.0000 | 0.0000  |
|   H    | 0.0011 | 0.0000 | 0.0000 | 0.0000 | 0.0022 | 0.0022 | 0.0022 | 0.0011 | 0.0000 | 0.0011 | 0.0000 | 0.0000 | 0.0000 | 0.0000 | 0.0000 | 0.0022 | 0.0000 | 0.0000 | 0.0000 | 0.0022  |
|   I    | 0.0011 | 0.0045 | 0.0000 | 0.0000 | 0.0022 | 0.0033 | 0.0011 | 0.0045 | 0.0022 | 0.0212 | 0.0022 | 0.0067 | 0.0011 | 0.0022 | 0.0078 | 0.0045 | 0.0022 | 0.0011 | 0.0000 | 0.0045  |
|   K    | 0.0000 | 0.0000 | 0.0011 | 0.0033 | 0.0067 | 0.0045 | 0.0022 | 0.0078 | 0.0167 | 0.0156 | 0.0011 | 0.0045 | 0.0000 | 0.0000 | 0.0089 | 0.0000 | 0.0022 | 0.0056 | 0.0011 | 0.0045  |
|   L    | 0.0000 | 0.0033 | 0.0033 | 0.0011 | 0.0111 | 0.0022 | 0.0033 | 0.0056 | 0.0033 | 0.0245 | 0.0033 | 0.0022 | 0.0011 | 0.0045 | 0.0056 | 0.0067 | 0.0011 | 0.0056 | 0.0022 | 0.0022  |
|   M    | 0.0045 | 0.0000 | 0.0111 | 0.0067 | 0.0256 | 0.0134 | 0.0022 | 0.0312 | 0.0334 | 0.0312 | 0.0100 | 0.0089 | 0.0033 | 0.0223 | 0.0067 | 0.0078 | 0.0011 | 0.0200 | 0.0022 | 0.0100  |
|   N    | 0.0011 | 0.0000 | 0.0000 | 0.0000 | 0.0011 | 0.0022 | 0.0000 | 0.0033 | 0.0022 | 0.0067 | 0.0022 | 0.0033 | 0.0011 | 0.0011 | 0.0011 | 0.0011 | 0.0022 | 0.0033 | 0.0000 | 0.0056  |
|   P    | 0.0000 | 0.0000 | 0.0000 | 0.0011 | 0.0000 | 0.0022 | 0.0000 | 0.0000 | 0.0000 | 0.0011 | 0.0000 | 0.0011 | 0.0000 | 0.0000 | 0.0000 | 0.0000 | 0.0011 | 0.0000 | 0.0000 | 0.0022  |
|   Q    | 0.0033 | 0.0000 | 0.0000 | 0.0033 | 0.0000 | 0.0000 | 0.0000 | 0.0045 | 0.0089 | 0.0033 | 0.0067 | 0.0022 | 0.0000 | 0.0011 | 0.0000 | 0.0022 | 0.0011 | 0.0011 | 0.0000 | 0.0000  |
|   R    | 0.0011 | 0.0056 | 0.0000 | 0.0022 | 0.0067 | 0.0000 | 0.0000 | 0.0022 | 0.0089 | 0.0056 | 0.0000 | 0.0022 | 0.0000 | 0.0011 | 0.0056 | 0.0033 | 0.0033 | 0.0033 | 0.0000 | 0.0022  |
|   S    | 0.0033 | 0.0033 | 0.0000 | 0.0011 | 0.0033 | 0.0033 | 0.0000 | 0.0033 | 0.0011 | 0.0022 | 0.0000 | 0.0033 | 0.0022 | 0.0011 | 0.0056 | 0.0011 | 0.0011 | 0.0000 | 0.0011 | 0.0045  |
|   T    | 0.0000 | 0.0011 | 0.0000 | 0.0000 | 0.0011 | 0.0022 | 0.0000 | 0.0022 | 0.0033 | 0.0022 | 0.0000 | 0.0022 | 0.0011 | 0.0011 | 0.0000 | 0.0022 | 0.0000 | 0.0045 | 0.0000 | 0.0022  |
|   V    | 0.0011 | 0.0022 | 0.0011 | 0.0000 | 0.0022 | 0.0011 | 0.0000 | 0.0011 | 0.0011 | 0.0089 | 0.0011 | 0.0022 | 0.0000 | 0.0022 | 0.0022 | 0.0011 | 0.0011 | 0.0033 | 0.0033 | 0.0000  |
|   W    | 0.0000 | 0.0000 | 0.0000 | 0.0000 | 0.0033 | 0.0011 | 0.0011 | 0.0011 | 0.0000 | 0.0011 | 0.0000 | 0.0000 | 0.0000 | 0.0000 | 0.0011 | 0.0000 | 0.0000 | 0.0011 | 0.0011 | 0.0011  |
|   Y    | 0.0011 | 0.0000 | 0.0011 | 0.0011 | 0.0033 | 0.0033 | 0.0033 | 0.0022 | 0.0056 | 0.0056 | 0.0011 | 0.0067 | 0.0000 | 0.0011 | 0.0022 | 0.0045 | 0.0011 | 0.0011 | 0.0000 | 0.0033  |
----------------------------------------------------------------------------------------------------------------------------------------------------------------------------------------------

Kodonų atstumo matrica phylip formatu

8
coronavirus       0.000 0.111 0.067 0.159 0.035 0.068 0.065 0.087
adenovirus        0.111 0.000 0.174 0.053 0.141 0.043 0.116 0.184
U18337.1          0.067 0.174 0.000 0.223 0.042 0.132 0.111 0.082
herpesvirus       0.159 0.053 0.223 0.000 0.191 0.093 0.164 0.231
Lactococcus_phage 0.035 0.141 0.042 0.191 0.000 0.098 0.069 0.067
KM389305.1        0.068 0.043 0.132 0.093 0.098 0.000 0.082 0.143
NC_028697.1       0.065 0.116 0.111 0.164 0.069 0.082 0.000 0.081
KC821626.1        0.087 0.184 0.082 0.231 0.067 0.143 0.081 0.000

dikodonų atstumo matrica phylip formatu

8
coronavirus       0.000 0.019 0.023 0.023 0.020 0.020 0.020 0.025
adenovirus        0.019 0.000 0.023 0.017 0.020 0.016 0.018 0.026
U18337.1          0.023 0.023 0.000 0.025 0.019 0.022 0.022 0.024
herpesvirus       0.023 0.017 0.025 0.000 0.024 0.018 0.022 0.030
Lactococcus_phage 0.020 0.020 0.019 0.024 0.000 0.020 0.018 0.023
KM389305.1        0.020 0.016 0.022 0.018 0.020 0.000 0.019 0.027
NC_028697.1       0.020 0.018 0.022 0.022 0.018 0.019 0.000 0.023
KC821626.1        0.025 0.026 0.024 0.030 0.023 0.027 0.023 0.000

Atstumų matrica gaunama pirmiausiai nuskaičius sekas iš failų.
Tuomet kiekvienai sekai iš failo yra apskaičiuojamos amino rūgščių ir dikodonų dažniai.
Kodonų ir dikodonų dažnių atstumui gauti, buvo pasirinkta naudoti euklidinio atmstumo metodas.
Euklidinis atstumas apsakičiuojamas pagal formulę d(a,b) = sqrt(pow(sum(a[i]-b[i]), 2))
Dažnius taikome euklido formulei.
Konstruojame atstumo matricas iš gautų rezultatų. Konstruojama skaičiuojant atstumus tarp gautų euklido rezultatų su kiekviena seka. Tas daroma amino rūgtims ir dikodonams.
Atstumų matricą atvaizduojame phylip formatu.

Pagal kodonų medį galima pastebėti:
Labiausiai išsiskyręs herpesvirus, kuris pagal medį yra gerokai nutolęs nu medžio šaknies, lyginant su visais kitais virusais.
Žinduolių virusas Coronavirus nebuvo sugrupuotas su jokiu virusu, turėjo atskyrą šaką.
Bakteriniai virusai Lactococcus_phage ir KC821626.1 buvo sugrupuoti toje pačioje šakoje, tačiau toje pačioje šakoje yra ir žinduolinis virusas U18337.1.
Kitoje šakoje sugrupuoti po 2 likusieji bakteriniai ir žinduoliniai virusai.

Pagal dikodonų medį galima pastebėti:
Labiausiai išsiskyręs KC821626.1, kuris pagal medį nėra labai toli nutolęs nuo šaknies, lyginant su visais kitais virusais. 
Žinduolių virusas Coronavirus nebuvo sugrupuotas su jokiu virusu, turėjo atskyrą šaką.
Žinduoliniai virusai herpesvirus ir adenovirus buvo sugrupuoti toje pačioje šakoje, tačiau toje pačioje šakoje yra ir bakterinis virusas KM389305.1.
Kitoje šakoje sugrupuoti po 2 likusieji bakteriniai ir žinduoliniai virusai.

Dažniausiai pasitaikančios amino rūgštys žinduoliniuose virusuose:
L 	 0.09716
M 	 0.09534
S 	 0.08899
R 	 0.06933
V 	 0.06148
I 	 0.05707
T 	 0.05589
F 	 0.04955
G 	 0.04955
A 	 0.04847

Dažniausiai pasitaikančys dikodonai žinduoliniuose virusuose:
(L, L) 	 0.01440
(S, S) 	 0.01245
(M, L) 	 0.01219
(M, S) 	 0.01089
(R, S) 	 0.00921
(R, R) 	 0.00843
(L, S) 	 0.00817
(S, L) 	 0.00804
(V, L) 	 0.00804
(I, L) 	 0.00778

Dažniausiai pasitaikančios amino rūgštys bakteriniuose virusuose:
M 	 0.13285
L 	 0.10845
S 	 0.07763
R 	 0.06293
I 	 0.06150
V 	 0.05908
K 	 0.05765
F 	 0.04709
T 	 0.04466
G 	 0.04295

Dažniausiai pasitaikančys dikodonai bakteriniuose virusuose:
(M, L) 	 0.01717
(L, L) 	 0.01610
(I, L) 	 0.01252
(M, K) 	 0.01234
(L, S) 	 0.01163
(M, I) 	 0.01127
(M, V) 	 0.01127
(M, S) 	 0.00948
(S, S) 	 0.00948
(M, F) 	 0.00912


Labiausiai variuojančios amino rūgštys:
M: 0.0375
K: 0.0206
P: 0.0132
H: 0.0119
S: 0.0114
L: 0.0113
T: 0.0112
C: 0.0088
A: 0.0078
G: 0.0066

Labiausiai variuojantys dikodonai:
('M', 'K'): 0.0078
('M', 'Q'): 0.0059
('M', 'F'): 0.0052
('M', 'L'): 0.0050
('I', 'L'): 0.0047
('K', 'R'): 0.0047
('M', 'I'): 0.0047
('R', 'S'): 0.0040
('M', 'V'): 0.0037
('M', 'T'): 0.0036